Algorithms: Standard Zielonka / Warsaw QPT Zielonka / Liverpool QPT Zielonka
Runnning time is in seconds
For Zielonka algorithms we also output the number of iterations
family-core-1.pg;0.000022;18;0.000036;18;0.000029;42
family-core-2.pg;0.000059;76;0.000109;252;0.000168;243
family-core-3.pg;0.000144;270;0.000524;1573;0.000407;1200
family-core-4.pg;0.000403;888;0.002465;7819;0.001247;3790
family-core-5.pg;0.001237;2794;0.010302;33466;0.003053;9611
family-core-6.pg;0.003575;8538;0.033945;121813;0.007742;33278
family-core-7.pg;0.008069;25550;0.064143;274207;0.019063;82846
family-core-8.pg;0.023792;75256;0.122600;524512;0.040686;176679
family-core-9.pg;0.066644;218918;0.215044;925909;0.077175;341959
family-core-10.pg;0.187989;630452;0.358618;1537522;0.138404;617456
family-core-11.pg;0.530210;1800598;1.799616;7995203;0.391602;1771884
family-core-12.pg;1.491758;5106866;3.186737;14035905;0.828006;3763132
family-core-13.pg;4.227099;14398410;5.087866;22492862;1.536101;7013816
family-core-14.pg;11.680367;40388068;7.923282;34395228;2.632936;12105786
family-core-15.pg;32.399673;112786494;11.556842;51019835;4.320703;19824213
family-core-16.pg;89.614492;313733808;18.917566;73927578;6.837265;31210149
family-core-17.pg;276.351083;869681410;23.877489;105587680;11.367668;47622569
family-core-18.pg;731.657002;2403347466;36.288994;148396601;16.817136;70810960
family-core-19.pg;>900;-;51.101205;205564954;24.499072;102999578
family-core-20.pg;>900;-;64.699790;281043686;32.308029;146984550
family-core-21.pg;>900;-;249.772014;981759862;49.518194;206245538
family-dp-1.pg;0.000019;8;0.000020;11;0.000020;8
family-dp-2.pg;0.000024;18;0.000026;21;0.000027;23
family-dp-3.pg;0.000033;30;0.000036;41;0.000039;42
family-dp-4.pg;0.000047;52;0.000071;81;0.000059;80
family-dp-5.pg;0.000067;85;0.000105;188;0.000098;156
family-dp-6.pg;0.000095;140;0.000177;346;0.000141;253
family-dp-7.pg;0.000135;228;0.000265;567;0.000216;380
family-dp-8.pg;0.000212;371;0.000503;1073;0.000311;567
family-dp-9.pg;0.000323;602;0.001128;2445;0.000627;1148
family-dp-10.pg;0.000503;976;0.001807;3656;0.000875;1638
family-dp-11.pg;0.000823;1581;0.003008;5729;0.001389;2518
family-dp-12.pg;0.001259;2560;0.003933;7808;0.001854;3466
family-dp-13.pg;0.002026;4144;0.006289;10882;0.002743;4774
family-dp-14.pg;0.003253;6707;0.007617;14167;0.003354;6375
family-dp-15.pg;0.004926;10854;0.018023;34958;0.004569;8274
family-dp-16.pg;0.007910;17564;0.023136;46240;0.005701;10770
family-dp-17.pg;0.013021;28421;0.040698;79264;0.011961;21736
family-dp-18.pg;0.020697;45988;0.052634;100834;0.015091;27904
family-dp-19.pg;0.033664;74412;0.073531;136163;0.023950;42596
family-dp-20.pg;0.053632;120403;0.089407;168950;0.026821;53954
family-dp-21.pg;0.077089;194818;0.106432;211198;0.038395;73696
family-dp-22.pg;0.126311;315224;0.135031;257220;0.047267;92157
family-dp-23.pg;0.205709;510045;0.167923;310851;0.063826;118612
family-dp-24.pg;0.320667;825272;0.195243;373263;0.076990;146544
family-dp-25.pg;0.547736;1335320;0.245789;441726;0.100837;181768
family-dp-26.pg;0.842376;2160595;0.301672;524375;0.120499;222058
family-dp-27.pg;1.395237;3495918;0.359010;614298;0.155786;268558
family-dp-28.pg;2.213822;5656516;0.425011;722522;0.180649;324680
family-dp-29.pg;3.823598;9152437;0.523724;836476;0.251698;385476
family-dp-30.pg;6.079330;14808956;0.603250;976095;0.274090;461563
family-dp-31.pg;10.195357;23961396;1.746766;2746900;0.346700;540254
family-dp-32.pg;16.498054;38770355;1.966310;3191057;0.390172;641177
family-dp-33.pg;26.896130;62731754;3.399819;5124387;0.845954;1282266
family-dp-34.pg;44.022503;101502112;3.917623;5935382;0.947925;1514625
family-dp-35.pg;68.536971;164233869;5.128491;7613468;1.387722;2283662
family-dp-36.pg;113.917679;265735984;5.895710;8794550;1.682978;2684555
family-dp-37.pg;167.755613;429969856;7.478457;10491375;2.610579;3614426
family-dp-38.pg;294.240741;695705843;8.028696;12079477;2.772236;4228520
family-dp-39.pg;441.814918;1125675702;8.940618;13944061;3.436010;5358766
family-dp-40.pg;717.898259;1821381548;10.171322;15993717;3.883786;6239376
family-dp-41.pg;>900;-;12.867711;18122620;4.881178;7617162
family-dp-42.pg;>900;-;13.470624;20698188;6.280717;8827426
family-dp-43.pg;>900;-;15.569940;23196387;6.812050;10508600
family-dp-44.pg;>900;-;19.498273;26376810;8.806910;12122754
family-dp-45.pg;>900;-;22.267064;29583106;9.403977;14173000
family-dp-46.pg;>900;-;22.507984;33516406;12.132160;16277757
family-dp-47.pg;>900;-;28.005236;37396414;13.362108;18773846
family-dp-48.pg;>900;-;28.697935;42222178;16.311664;21469883
family-dp-49.pg;>900;-;35.731841;46893891;18.047961;24501026
family-dp-50.pg;>900;-;36.891443;52771614;21.221666;27904583
family-qpt-1.pg;0.000015;1;0.000017;1;0.000024;1
family-qpt-2.pg;0.000023;1;0.000032;1;0.000033;2
family-qpt-3.pg;0.000032;1;0.000032;1;0.000034;2
family-qpt-4.pg;0.000033;1;0.000033;1;0.000035;3
family-qpt-5.pg;0.000033;1;0.000039;1;0.000035;3
family-qpt-6.pg;0.000036;1;0.000035;1;0.000038;3
family-qpt-7.pg;0.000041;1;0.000035;1;0.000038;3
family-qpt-8.pg;0.000036;1;0.000041;1;0.000039;4
family-qpt-9.pg;0.000042;1;0.000037;1;0.000041;4
family-qpt-10.pg;0.000036;1;0.000038;1;0.000040;4
family-qpt-11.pg;0.000036;1;0.000036;1;0.000042;4
family-qpt-12.pg;0.000037;1;0.000038;1;0.000041;4
family-qpt-13.pg;0.000038;1;0.000038;1;0.000043;4
family-qpt-14.pg;0.000036;1;0.000037;1;0.000042;4
family-qpt-15.pg;0.000038;1;0.000037;1;0.000046;4
family-qpt-16.pg;0.000037;1;0.000038;1;0.000045;5
family-qpt-17.pg;0.000043;1;0.000038;1;0.000050;5
family-qpt-18.pg;0.000038;1;0.000038;1;0.000046;5
family-qpt-19.pg;0.000039;1;0.000040;1;0.000047;5
family-qpt-20.pg;0.000038;1;0.000037;1;0.000052;5
family-qpt-21.pg;0.000039;1;0.000040;1;0.000047;5
family-qpt-22.pg;0.000039;1;0.000039;1;0.000047;5
family-qpt-23.pg;0.000037;1;0.000041;1;0.000053;5
family-qpt-24.pg;0.000038;1;0.000040;1;0.000048;5
family-qpt-25.pg;0.000039;1;0.000039;1;0.000048;5
family-qpt-26.pg;0.000040;1;0.000039;1;0.000055;5
family-qpt-27.pg;0.000040;1;0.000040;1;0.000049;5
family-qpt-28.pg;0.000047;1;0.000042;1;0.000052;5
family-qpt-29.pg;0.000040;1;0.000039;1;0.000050;5
family-qpt-30.pg;0.000041;1;0.000044;1;0.000052;5
family-qpt-31.pg;0.000041;1;0.000043;1;0.000058;5
family-qpt-32.pg;0.000050;1;0.000054;1;0.000061;6
family-qpt-33.pg;0.000041;1;0.000047;1;0.000056;6
family-qpt-34.pg;0.000047;1;0.000043;1;0.000056;6
family-qpt-35.pg;0.000045;1;0.000041;1;0.000055;6
family-qpt-36.pg;0.000046;1;0.000041;1;0.000069;6
family-qpt-37.pg;0.000040;1;0.000041;1;0.000057;6
family-qpt-38.pg;0.000041;1;0.000047;1;0.000056;6
family-qpt-39.pg;0.000042;1;0.000042;1;0.000057;6
family-rr-2.pg;0.000040;5;0.000042;8;0.000054;21
family-rr-3.pg;0.000051;16;0.000071;41;0.000082;54
family-rr-4.pg;0.000068;27;0.000077;43;0.000165;150
family-rr-5.pg;0.000095;58;0.000213;222;0.000263;268
family-rr-6.pg;0.000134;98;0.000406;477;0.000439;458
family-rr-7.pg;0.000215;186;0.000825;1028;0.000654;699
family-rr-8.pg;0.000362;312;0.000961;1199;0.001459;1565
family-rr-9.pg;0.000592;559;0.003193;4255;0.002076;2252
family-rr-10.pg;0.000915;930;0.005534;7085;0.002757;3662
family-rr-11.pg;0.001217;1613;0.008551;12672;0.003821;5023
family-rr-12.pg;0.001969;2665;0.012070;18456;0.005594;7245
family-rr-13.pg;0.003311;4529;0.017497;26634;0.005521;9598
family-rr-14.pg;0.003045;7443;0.013876;35892;0.005882;12978
family-rr-15.pg;0.005097;12478;0.018475;47519;0.006628;16726
family-rr-16.pg;0.007170;20425;0.022248;66940;0.013904;34863
family-rr-17.pg;0.012280;33920;0.063340;187162;0.018165;44297
family-rr-18.pg;0.020299;55360;0.082911;240851;0.028560;69544
family-rr-19.pg;0.032966;91320;0.128988;360574;0.035714;87129
family-rr-20.pg;0.053909;148718;0.167864;450414;0.053891;122250
family-rr-21.pg;0.085722;244125;0.208824;583870;0.063611;151200
family-rr-22.pg;0.144484;396928;0.259593;712568;0.084685;199717
family-rr-23.pg;0.234798;649235;0.323291;875013;0.106051;244089
family-rr-24.pg;0.367929;1054343;0.396941;1048657;0.135005;310410
family-rr-25.pg;0.599662;1719951;0.482932;1253885;0.164932;375239
family-rr-26.pg;1.067854;2790665;0.613816;1480426;0.217270;464796
family-rr-27.pg;1.728129;4543372;0.757370;1739146;0.270151;556240
family-rr-28.pg;2.827750;7366791;0.930231;2033924;0.344423;675637
family-rr-29.pg;4.201651;11975686;1.023668;2364630;0.393880;801132
family-rr-30.pg;7.424322;19407998;1.166095;2736310;0.446551;958303
family-rr-31.pg;11.269023;31514742;1.413770;3153633;0.556453;1126728
family-rr-32.pg;18.204249;51053796;2.097040;4907761;1.157218;2289850
family-rr-33.pg;32.673431;82830667;5.953692;12768301;1.424739;2680206
family-rr-34.pg;52.081104;134146590;6.983009;14685626;2.384185;4106035
family-rr-35.pg;84.278015;217501529;9.481616;20622679;2.352784;4783986
family-rr-36.pg;126.200736;352172389;11.531060;23583898;3.577530;6543808
family-rr-37.pg;200.707213;570722477;12.915667;29116749;3.738557;7589379
family-rr-38.pg;350.777914;923943423;14.920546;33140394;4.892386;9769514
family-rr-39.pg;527.274291;1496763034;19.475866;39014453;5.685351;11279231
family-rr-40.pg;>900;-;20.382909;44212720;7.058594;13983303
family-tc-1.pg;0.000019;12;0.000020;14;0.000023;25
family-tc-2.pg;0.000035;36;0.000080;176;0.000139;388
family-tc-3.pg;0.000074;86;0.000345;898;0.001037;2184
family-tc-4.pg;0.000158;188;0.001341;3371;0.005286;15529
family-tc-5.pg;0.000332;394;0.007532;19273;0.024525;68806
family-tc-6.pg;0.000704;808;0.034708;82973;0.090402;240525
family-tc-7.pg;0.001513;1638;0.113186;268610;0.316271;795137
family-tc-8.pg;0.003192;3300;0.327056;730576;0.938506;2158482
family-tc-9.pg;0.006802;6626;1.504534;3139757;4.498376;9385596
family-tc-10.pg;0.015365;13280;4.094051;8025217;13.268510;25917636
family-tc-11.pg;0.033041;26590;9.301187;18927266;29.379256;56803861
family-tc-12.pg;0.068371;53212;20.135254;39982040;54.536176;105410191
family-tc-13.pg;0.136550;106458;102.804152;179656417;202.793353;372272415
family-tc-14.pg;0.292646;212952;213.519355;359416374;506.477888;847882842
family-tc-15.pg;0.607443;425942;409.914010;673394046;>900;-
family-tc-16.pg;1.322821;851924;779.577441;1220819542;>900;-
family-tc-17.pg;2.803880;1703890;>900;-;>900;-
family-tc-18.pg;5.855215;3407824;>900;-;>900;-
family-tcp-1.pg;0.000017;8;0.000017;8;0.000025;32
family-tcp-2.pg;0.000043;64;0.000093;224;0.000166;483
family-tcp-3.pg;0.000128;209;0.000658;2060;0.001248;3711
family-tcp-4.pg;0.000409;578;0.005924;18148;0.015435;44806
family-tcp-5.pg;0.001027;1459;0.032413;93316;0.066523;197540
family-tcp-6.pg;0.002562;3484;0.221885;624927;0.351516;997006
family-tcp-7.pg;0.006117;8029;0.761755;1966890;1.073176;2710304
family-tcp-8.pg;0.016192;18070;5.714919;13565384;8.138724;19071318
family-tcp-9.pg;0.039822;40007;16.453122;39061715;30.436274;66340226
family-tcp-10.pg;0.093863;87536;47.535696;97277114;81.214548;163363382
family-tcp-11.pg;0.211022;189841;280.426828;548806454;226.622385;462550620
family-tcp-12.pg;0.450667;408874;667.163399;1223225715;823.800924;1499904978
family-tcp-13.pg;1.056821;875707;>900;-;>900;-
family-tcp-14.pg;2.388584;1866820;>900;-;>900;-
family-tcp-15.pg;5.375511;3963845;>900;-;>900;-
family-tcp-16.pg;11.869088;8387390;>900;-;>900;-
family-tcp-17.pg;25.555585;17693359;>900;-;>900;-
family-tcp-18.pg;56.337853;37222936;>900;-;>900;-
random-highdegree-200-21.pg;0.000372;5;0.000371;5;0.002126;45
random-highdegree-200-22.pg;0.000564;12;0.000563;12;0.050254;1391
random-highdegree-200-23.pg;0.000349;7;0.000396;7;0.002475;72
random-highdegree-200-24.pg;0.000278;5;0.000280;5;0.001506;40
random-highdegree-200-25.pg;0.000500;11;0.000550;11;0.023799;677
random-highdegree-200-26.pg;0.000286;5;0.000288;5;0.001611;45
random-highdegree-200-27.pg;0.000186;2;0.000189;2;0.000599;13
random-highdegree-200-28.pg;0.000247;2;0.000199;2;0.000627;13
random-highdegree-200-29.pg;0.000316;7;0.000316;7;0.004147;147
random-highdegree-200-30.pg;0.000410;8;0.000409;8;0.010431;299
random-highdegree-200-31.pg;0.000237;3;0.000294;3;0.000611;13
random-highdegree-200-32.pg;0.000342;6;0.000341;6;0.004342;117
random-highdegree-200-33.pg;0.000293;5;0.000289;5;0.001492;40
random-highdegree-200-34.pg;0.000276;5;0.000276;5;0.001450;40
random-highdegree-200-35.pg;0.000321;6;0.000320;6;0.003848;117
random-highdegree-200-36.pg;0.000283;4;0.000281;4;0.001647;40
random-highdegree-200-37.pg;0.000282;4;0.000284;4;0.001726;40
random-highdegree-200-38.pg;0.000468;13;0.000462;13;0.017672;709
random-highdegree-200-39.pg;0.000275;4;0.000277;4;0.001630;40
random-highdegree-200-40.pg;0.000513;15;0.000517;15;0.050187;2079
random-highdegree-200-41.pg;0.000269;4;0.000269;4;0.001574;40
random-highdegree-200-42.pg;0.000353;7;0.000354;7;0.004397;147
random-highdegree-200-43.pg;0.000222;3;0.000224;3;0.000571;13
random-highdegree-200-44.pg;0.000293;5;0.000294;5;0.001720;45
random-highdegree-200-45.pg;0.000302;7;0.000305;7;0.002215;72
random-highdegree-200-46.pg;0.000200;2;0.000198;2;0.000626;13
random-highdegree-200-47.pg;0.000318;5;0.000314;5;0.001530;40
random-highdegree-200-48.pg;0.000198;2;0.000199;2;0.000619;13
random-highdegree-200-49.pg;0.000455;9;0.000450;9;0.005689;149
random-highdegree-200-50.pg;0.000232;4;0.000232;4;0.001323;40
random-highdegree-200-51.pg;0.000399;10;0.000404;10;0.020651;677
random-highdegree-200-52.pg;0.000276;4;0.000274;4;0.001641;40
random-highdegree-200-53.pg;0.000366;7;0.000365;7;0.002618;72
random-highdegree-200-54.pg;0.000387;7;0.000386;7;0.002793;72
random-highdegree-200-55.pg;0.000235;3;0.000234;3;0.000602;13
random-highdegree-200-56.pg;0.000361;7;0.000366;7;0.002589;72
random-highdegree-200-57.pg;0.000295;5;0.000295;5;0.001407;40
random-highdegree-200-58.pg;0.000570;17;0.003873;147;0.183563;7349
random-highdegree-200-59.pg;0.000310;7;0.000307;7;0.004253;147
random-highdegree-200-60.pg;0.000277;6;0.000277;6;0.003653;117
random-highdegree-200-61.pg;0.000350;7;0.000419;7;0.004049;117
random-highdegree-200-62.pg;0.000344;8;0.000409;8;0.008633;299
random-highdegree-200-63.pg;0.001082;23;0.001853;58;0.102635;3594
random-highdegree-200-64.pg;0.000472;10;0.000474;10;0.025253;677
random-highdegree-200-65.pg;0.000510;7;0.000349;7;0.002541;72
random-highdegree-200-66.pg;0.000244;4;0.000242;4;0.001509;40
random-highdegree-200-67.pg;0.000202;2;0.000206;2;0.000660;13
random-highdegree-200-68.pg;0.000282;4;0.000281;4;0.001646;40
random-highdegree-200-69.pg;0.000231;3;0.000231;3;0.000591;13
random-highdegree-200-70.pg;0.000495;11;0.000427;11;0.011417;431
random-highdegree-200-71.pg;0.000345;8;0.000341;8;0.007971;299
random-highdegree-200-72.pg;0.000313;5;0.000312;5;0.001816;45
random-highdegree-200-73.pg;0.000477;13;0.000479;13;0.018612;709
random-highdegree-200-74.pg;0.000482;9;0.000431;9;0.012903;404
random-highdegree-200-75.pg;0.000348;7;0.000347;7;0.002551;72
random-highdegree-200-76.pg;0.000278;5;0.000279;5;0.001554;45
random-highdegree-200-77.pg;0.000191;2;0.000190;2;0.000601;13
random-highdegree-200-78.pg;0.000356;7;0.000358;7;0.004527;117
random-highdegree-200-79.pg;0.000245;3;0.000250;3;0.000687;13
random-highdegree-200-80.pg;0.000331;7;0.000334;7;0.004314;147
steady-100-1.pg;0.000053;64;0.000052;64;0.000313;931
steady-100-2.pg;0.000054;72;0.000152;449;0.000444;1460
steady-100-3.pg;0.000036;8;0.000063;8;0.000203;186
steady-100-4.pg;0.000058;43;0.005520;12916;0.031748;71675
steady-100-5.pg;0.000036;12;0.000050;36;0.000359;691
steady-100-6.pg;0.000038;9;0.000040;9;0.000261;256
steady-100-7.pg;0.000124;143;0.000220;715;0.002686;8428
steady-100-8.pg;0.000045;14;0.000045;14;0.000258;262
steady-100-9.pg;0.000026;2;0.000027;2;0.000040;11
steady-100-10.pg;0.000036;7;0.000036;7;0.000131;103
steady-100-11.pg;0.000039;10;0.000040;10;0.000426;382
steady-100-12.pg;0.000035;5;0.000033;5;0.000079;35
steady-100-13.pg;0.000054;19;0.000080;43;0.001281;963
steady-100-14.pg;0.000037;8;0.000037;8;0.000243;186
steady-100-15.pg;0.000026;2;0.000027;2;0.000041;11
steady-100-16.pg;0.000037;6;0.000038;6;0.000077;37
steady-100-17.pg;0.000034;6;0.000036;6;0.000119;81
steady-100-18.pg;0.000039;9;0.000042;9;0.000304;256
steady-100-19.pg;0.000051;38;0.000084;142;0.000711;2294
steady-100-20.pg;0.000077;73;0.000327;917;0.000901;1128
steady-1000-1.pg;0.000202;6;0.000223;6;0.000961;70
steady-1000-2.pg;0.000294;47;0.000318;146;0.118921;16059
steady-1000-3.pg;0.000222;9;0.000265;9;0.009554;935
steady-1000-4.pg;0.000123;2;0.000122;2;0.000380;17
steady-1000-5.pg;0.000196;8;0.000195;8;0.006257;667
steady-1000-6.pg;0.000271;11;0.000253;11;0.009344;979
steady-1000-7.pg;0.000125;2;0.000126;2;0.000328;17
steady-1000-8.pg;0.000319;17;0.000322;17;0.093924;9496
steady-1000-9.pg;0.000256;78;0.000707;331;0.014829;16780
steady-1000-10.pg;0.000192;8;0.000257;8;0.005953;667
steady-1000-11.pg;0.000205;106;0.000946;2221;0.024778;76561
steady-1000-12.pg;0.000153;4;0.000154;4;0.000894;72
steady-1000-13.pg;0.000344;19;0.000356;19;0.049324;5147
steady-1000-14.pg;0.000146;4;0.000148;4;0.000725;61
steady-1000-15.pg;0.000122;2;0.000122;2;0.000323;17
steady-1000-16.pg;0.000123;2;0.000166;2;0.000360;17
steady-1000-17.pg;0.000122;2;0.000124;2;0.000322;17
steady-1000-18.pg;0.000249;50;0.000303;170;0.002929;5325
steady-1000-19.pg;0.000385;17;0.000326;17;0.026157;2707
steady-1000-20.pg;0.000349;157;0.001326;3051;0.024165;50820
steady-200-1.pg;0.000076;58;0.000307;948;0.003639;13254
steady-200-2.pg;0.000057;9;0.000057;9;0.000303;174
steady-200-3.pg;0.000080;126;0.000081;126;0.000512;1666
steady-200-4.pg;0.000062;11;0.000069;11;0.000576;331
steady-200-5.pg;0.000040;4;0.000040;4;0.000104;40
steady-200-6.pg;0.000092;23;0.000154;58;0.005680;3594
steady-200-7.pg;0.000084;136;0.000085;136;0.000670;2812
steady-200-8.pg;0.000233;457;0.017317;55724;0.006824;20769
steady-200-9.pg;0.000071;6;0.000054;6;0.000130;47
steady-200-10.pg;0.000081;17;0.000081;17;0.003565;2156
steady-200-11.pg;0.000090;127;0.000107;168;0.000947;3101
steady-200-12.pg;0.000089;73;0.000091;73;0.003203;3297
steady-200-13.pg;0.000047;4;0.000047;4;0.000135;67
steady-200-14.pg;0.000051;6;0.000051;6;0.000267;117
steady-200-15.pg;0.000050;34;0.000048;34;0.000110;205
steady-200-16.pg;0.000069;13;0.000070;13;0.001172;709
steady-200-17.pg;0.000120;27;0.000120;27;0.001754;1105
steady-200-18.pg;0.000038;2;0.000038;2;0.000072;13
steady-200-19.pg;0.000044;4;0.000044;4;0.000120;40
steady-200-20.pg;0.000112;53;0.001069;3279;0.028570;90504
steady-2000-1.pg;0.000468;11;0.000470;11;0.026915;1005
steady-2000-2.pg;0.000559;13;0.000510;13;0.035794;1552
steady-2000-3.pg;0.000491;154;0.000583;232;0.003736;4154
steady-2000-4.pg;0.000687;483;0.000624;483;0.106196;8251
steady-2000-5.pg;0.000228;2;0.000225;2;0.000767;19
steady-2000-6.pg;0.000270;4;0.000274;4;0.002028;73
steady-2000-7.pg;0.000442;10;0.000566;10;0.108415;4012
steady-2000-8.pg;0.000321;5;0.000322;5;0.002198;82
steady-2000-9.pg;0.000277;4;0.000281;4;0.002099;73
steady-2000-10.pg;0.000231;2;0.000255;2;0.000776;19
steady-2000-11.pg;0.000372;7;0.000377;7;0.003797;135
steady-2000-12.pg;0.000567;13;0.000573;13;0.245292;9721
steady-2000-13.pg;0.000275;4;0.000273;4;0.002028;73
steady-2000-14.pg;0.000406;5;0.000337;5;0.009029;347
steady-2000-15.pg;0.000325;5;0.000323;5;0.002170;82
steady-2000-16.pg;0.000240;2;0.000235;2;0.000802;19
steady-2000-17.pg;0.000329;6;0.000377;6;0.006808;283
steady-2000-18.pg;0.000306;2;0.000237;2;0.000838;20
steady-2000-19.pg;0.001402;47;0.001412;47;3.256329;132115
steady-2000-20.pg;0.000570;13;0.000560;13;0.011277;409
steady-500-1.pg;0.000108;7;0.000108;7;0.000946;211
steady-500-2.pg;0.000070;2;0.000068;2;0.000146;15
steady-500-3.pg;0.000135;10;0.000136;10;0.002514;653
steady-500-4.pg;0.000109;7;0.000109;7;0.000583;101
steady-500-5.pg;0.000081;4;0.000081;4;0.000294;50
steady-500-6.pg;0.000106;7;0.000107;7;0.000890;201
steady-500-7.pg;0.000119;9;0.000121;9;0.001100;246
steady-500-8.pg;0.000083;4;0.000083;4;0.000343;60
steady-500-9.pg;0.000263;284;0.000301;574;0.001419;1347
steady-500-10.pg;0.000070;2;0.000069;2;0.000150;16
steady-500-11.pg;0.000108;7;0.000108;7;0.000891;202
steady-500-12.pg;0.000137;106;0.000146;157;0.000843;1840
steady-500-13.pg;0.000073;2;0.000074;2;0.000162;16
steady-500-14.pg;0.000147;15;0.000146;15;0.027437;7650
steady-500-15.pg;0.000113;6;0.000114;6;0.000533;100
steady-500-16.pg;0.000092;6;0.000092;6;0.000694;162
steady-500-17.pg;0.000080;4;0.000082;4;0.000355;50
steady-500-18.pg;0.000143;13;0.000142;13;0.004403;1170
steady-500-19.pg;0.000152;14;0.000152;14;0.002240;611
steady-500-20.pg;0.000096;5;0.000105;5;0.000356;57
